# List of mobile numbers for use with RestrictedSmsGatewayFilter
# Copy numbers from http://intranett.difi.local/ansatte.html?sort=lastname&order=asc



# Test mobiles
# Netcom:              
46444008
#Tele 2:                  
41209523
# Network N:        
47912996
#Ventelo:              
40436656




92817151
90226463
95222680
95496339
95819821
41586754
41336656
95878870
90119145
94873960
95046887
48084957
93234942
91136792
90098999
91689767
90786438
99521416
95181368
91851614

92817151
95118243
48084956
97680267
95705231
98208833
48084975
48084954
95773337
90845855
41252563
97030838
41459374
91788261
48288309
95882338
90204228
91885927
98067823

91156063
97581405


93446575
47758806
90132006
90605424
92666513
48084951
90849903
99249259
90587682
41447357
48176847
41854935
41613908
97587645
93446651
99697799
99713860
92657722
93417867
99151960
99415051
47238189
46829017
98078143
95205503
95499948
90660944
92052303
41507632
95031841
95234563
91124082
91788710
95819821
90239104
91397587
40045568
95465041
95804676
90790721
92098197
90083512
90541534
90750946


95113275
41567869
95436682
48084970

91804407
48084968

92454410
99038885
95429802
99442220
90787394
40223500
95116354
90212098
91672658
40880120
93292952
90093645
90584377
97585784
93441133

91710905
97524919
48260661
91543732

91719984
90543475
90226463
91528810
95875209
95202262
48151418

91839305
40204101
99440518
47252209
48003682
46223661
99798028
95029329
95496339

48084953
41468872
91384163
99330100

48084966
93045859
91303016

99420443
95904922
95784239

41212819
90271793
48084961

91691014
90168803
93424999
92813857
90849332
47706922




97081554
98498406
90811118
97682499
41262484
48066735
91616170
92816960
97542947
93083200
97197317
91177712
95154361
97757084
92022467
97528106
93648530
97777392

45864050
95039058
90929559
95088796
93037330
90993462
95115733

48084962
90624587
95115733
90157875

91383954
95222680
95982915
90068687
97522720
97507078
95247997
97679768
41459372
92068711
91333418
95276360
48084979
48084959
40220436
91606722
41365968
91818774
99718546

48084969
99402262
48084974
41237350
90219528
41003579
47846094
97747329
91860174
90747940
90157559
92655962
90212098
40453605

40227124
40203402 

48274599
91916862
91787577 

41749924
99290394
91328347
98093192
93248310
41518358
48882317
47349575
40473811

SECODE
99282927
9928210
99282910 

93622144
90130476

99286853
41749924